4604314
4680497
4762888
4810037
4835680
4856531
4891873
4899066
4947217
5023933
5056888
5079214
5084725
5106755
5108839
5127408
5159401
5276960
5317120
5372596
5410111
5478057
5510168
5531060
5561511
5575495
5613275
5653792
5688023
5729334
5744862
5844505
5926871
5930759
5952971
6078239
6096490
6111438
6119555
6135238
6198247
6290250
6314996
6348819
6467437
6529585
6577668
6584717
6651212
6718309
6736902
6764482
6798970
6807329
6896866
6929378
6935057
6957615
7061326
7084935
7139925
7150518
7175400
7242017
7403475
7429859
7442214
7463361
7474756
7527535
7571510
7607889
7673403
7674255
7716972
7729640
7733902
7749261
7767638
8057169
8068109
8135123
8143790
8153801
8183342
8186108
8236952
8257825
8370794
8371848
8380277
8418991
8426114
8545400
8566957
8594584
8607486
8607962
8640922
8694151
8731300
8837047
9064932
9150734
9180998
9208848
9257521
9259793
9264777
9378126
9455217
9467477
9477967
9492500
9502439
9549129
9592441
9614158
9666514
9671794
9683566
9692277
9698195
9719439
9756109
9824514
9873569
9880452
9914784
9923336
9924069
10162427
10168989
10171911
10175344
10380450
10421262
10484185
10490052
10507576
10538807
10643939
10678650
10686651
10714228
10727566
10750853
10768959
10772081
10820330
10887727
10892151
10893306
10896252
10936289
11083965
11098981
11129570
11136643
11147839
11180151
11240571
11353521
11422308
11473655
11541932
11569597
11572051
11592405
11613484
11772272
11799795
11809405
11842519
11863125
11919619
12021019
12022840
12061066
12108729
12111754
12148205
12156825
12226718
12233980
12277777
12317628
12355294
12363686
12393996
12463821
12508536
12579728
12669503
12745536
12750148
12787238
12892548
12994037
13020647
13022847
13029132
13033958
13040550
13044795
13086507
13111195
13126215
13194195
13196303
13209268
13234991
13249322
13263572
13285778
13307822
13317075
13322067
13375166
13410992
13461265
13490149
13494616
13495376
13625005
13660788
13686226
13746375
13752562
13829777
13856368
13900938
13907773
13937942
13968034
14021584
14059992
14064218
14096102
14108852
14150853
14188630
14194224
14241622
14251078
14288194
14342231
14384343
14398379
14400481
14416151
14419832
14503734
14561918
14564306
14574363
14595067
14670537
14724821
14727957
14812230
14906952
15033816
15084859
15135471
15139285
15227708
15268887
15281175
15283539
15305772
15322224
15340861
15350548
15446398
15535526
15570592
15777381
15806225
15827548
15850280
15884261
15908751
15954630
15980295
16031785
16068690
16115612
16191045
16216634
16258059
16321560
16350453
16405764
16426425
16592997
16619507
16641627
16714233
16726057
16785143
16785407
16804066
16870725
16880676
16934388
16950613
17049751
17058884
17060003
17062747
17157159
17287747
17330204
17331056
17370114
17372769
17396531
17426202
17427837
17509995
17514707
17541707
17583677
17593311
17613280
17638110
17643326
17651718
17653249
17678700
17683626
17798760
17826941
17919876
17976063
18018668
18027600
18198006
18282708
18331572
18386940
18406511
18427957
18473359
18506094
18524777
18575842
18577940
18590974
18624627
18647031
18648177
18671330
18675035
18679416
18698256
18735872
18789360
18827951
18875924
18909099
18922212
19004841
19070616
19083377
19143087
19147230
19172248
19231824
19236439
19268578
19304449
19370183
19371751
19374968
19380175
19387733
19412141
19431821
19470716
19501488
19649761
19662848
19750655
19822192
19828398
19855703
19873318
19887393
19894507
19928316
20118736
20169654
20175493
20201730
20254550
20362215
20394136
20394777
20426801
20466761
20482272
20519089
20541629
20573826
20581997
20649659
20668605
20689948
20697091
20768965
20807607
20817174
20850471
20913718
20931975
21036778
21080705
21100303
21105806
21112369
21114156
21123992
21132629
21145059
21179012
21217289
21227975
21291712
21334067
21355805
21359166
21361354
21403614
21412048
21420003
21457024
21542954
21556033
21656505
21658495
21678039
21681007
21692235
21728348
21740420
21770911
21820149
21833300
21849263
21891422
22003564
22064005
22065242
22078203
22080500
22086897
22174875
22195016
22254493
22257290
22288091
22446999
22472836
22507561
22511771
22548544
22624163
22687648
22693281
22728964
22766811
22824865
22825786
22945010
23013356
23035250
23035960
23067076
23093264
23152353
23186863
23243585
23255209
23408074
23420324
23421368
23424451
23441358
23670071
23740357
23823636
23830737
23864014
23871213
23918700
23964568
23974186
24022612
24104818
24125718
24140551
24190277
24195278
24226085
24283701
24295528
24323003
24369433
24391767
24423402
24425860
24440190
24457201
24472662
24495273
24516903
24555363
24559057
24574880
24578274
24631966
24648911
24732312
24736277
24795253
24799937
24940499
24956236
25015403
25035407
25037706
25138351
25169160
25184545
25279097
25286570
25297483
25311321
25371127
25391753
25497336
25542342
25597706
25599851
25603290
25610778
25640211
25647043
25665708
25715276
25753407
25761549
25855518
25926348
26085178
26107557
26256709
26383437
26385142
26442246
26447585
26463110
26519180
26537579
26557596
26609334
26622957
26672427
26718909
26731437
26745224
26745484
26796048
26824621
26845164
26863167
26877070
26914325
26967817
26973008
27045356
27050620
27068117
27069529
27091206
27119540
27122784
27130106
27135624
27156019
27164850
27177111
27185337
27186251
27205296
27207356
27227869
27283242
27307337
27335972
27381726
27401540
27433920
27495760
27499274
27547591
27550665
27568253
27589123
27629723
27640470
27643357
27872389
27873525
27923138
27998385
28008692
28073654
28098746
28100485
28107990
28109219
28113707
28141840
28152591
28157269
28209297
28223856
28297743
28344995
28371680
28376726
28421552
28453178
28500898
28516726
28519773
28539568
28569856
28613206
28622364
28623642
28702485
28752189
28758125
28776075
28815567
28906347
28949110
28991854
29043736
29105462
29107026
29123170
29127305
29131913
29177618
29186642
29250507
29251771
29268088
29282726
29324184
29386036
29403122
29438946
29475071
29476514
29485469
29516352
29557491
29561439
29566317
29581239
29605418
29624032
29629751
29665724
29691054
29735958
29808419
29829009
29837985
30014748
30093879
30110133
30132462
30178011
30179328
30251917
30417775
30421182
30462585
30482186
30490088
30539034
30567814
30611067
30614065
30663404
30667675
30675998
30721543
30749772
30807885
30813961
30829626
30845447
30889953
30904341
31040517
31118846
31158300
31158905
31160447
31223814
31279093
31288717
31295558
31346360
31354264
31372130
31442857
31444984
31525540
31550479
31618852
31685402
31701265
31729625
31731649
31804172
31815305
31818614
31858032
31860456
31959581
32000906
32002662
32004610
32035257
32042991
32069968
32085068
32085999
32195973
32196372
32215690
32257557
32276626
32294574
32295961
32337744
32357616
32369325
32375643
32438085
32443280
32482002
32488497
32527166
32593212
32615074
32634115
32645307
32653737
32654877
32707153
32737176
32881208
32904586
32908455
32909727
32939820
33027096
33118991
33120685
33139999
33142770
33146738
33162713
33186813
33226605
33279762
33302273
33316613
33337778
33364018
33403586
33431619
33478340
33518817
33572646
33666684
33678175
33696951
33714067
33715289
33733951
33741108
33764566
33785215
33874949
33876504
33921146
33985421
33989216
34000900
34024467
34048420
34052901
34109419
34133602
34166447
34239380
34258259
34268002
34268193
34274531
34338448
34344461
34345085
34365898
34406244
34451285
34474198
34505443
34524549
34531420
34592879
34595443
